0.0,226.25600798213824,321.5949944754612,2011.6708598972975,2596.1502356183764,3334.8132926309167,6294.053493758467,7090.060814186134,8573.178100813873,19695.644754010053,27404.90727271261,35704.21771991118,35914.54001161821,37209.22597661733,37612.6492532866,38543.111173719706,42785.17755960815,39480.49994369803,39470.13231985746,42894.85935729948,43181.403575160875,60503.11217998423,66002.7879038573,67381.60476785972,72198.02112781088,86488.99544702667,104695.6018427004,30378.86640764085,14652.924547716486,29356.73494632916,25637.2631022785,23624.32177554797,21207.090098330067,19824.74414388726,14034.870716498352,13881.673569806631,13294.915024822574,13321.341486016094,12943.886945064069,12865.22213447085,12599.696969387263,12782.476826073378,12827.447062514031,13101.385888594727,13007.533723502787,12895.915287943417,12929.702855192838,12871.651474027865,12906.705007790533,12765.473699367129,12802.743100868738,12754.384672454375,12770.750033840091,12730.822487592697,12770.817473208499,12734.845621712126,12776.948585708102,12769.034723661169,12821.235375276738,12789.28005257427,12828.211581520613,12864.037846178426,12894.084394407799,12939.592973778585,13020.67352890701,13058.144400758467,13250.883695092953,13209.47156927085,13305.152500722736,13274.32056865429,13347.847305890602,13678.991832076792,13875.121160954906,13889.977933074699,13967.695527218275,14370.775208512274,14611.574236367102,14812.576343962348,15207.914776363072,17091.696593446453,17207.698366886405,17244.56977357602,30378.86640764085,32642.33021127442,32782.50293474788,33958.067587892496,34638.61776774856,35374.30366527731,35993.863295803065,36338.74784941389,36878.20883257748,37954.59937721602,38499.85361029355,38901.983866404495,23554.30939001739,24465.334976909697,24955.180138001564,24989.02580519714,9528.230521068266,9257.881299131379,10619.717345627028,10675.20134291278,11078.221011120066,11104.130553989198,11647.484541330183,11674.169939127143,12384.597641154447,13523.788169686195,14551.452313021775,14644.703953714514,14802.240885091775,16888.931100881524,17403.056265329804,17725.972064669662,19159.084063402373,19488.302326020606,
226.25600798213824,0.0,96.63534272597566,1793.1103002751508,2379.579126862087,3117.3089480881936,6073.756536154557,6868.799530146565,8349.47715108361,19473.35749076655,27436.402353929127,35482.654336801184,35692.969983800496,36987.47038321779,37390.446553686525,38320.41736134798,42560.824383437495,39256.950028868516,39246.570640305676,42670.52223788269,42957.06983765245,60278.536021470136,65779.26435819903,67158.34409619788,71974.77591312173,86267.3013759445,104474.70546690206,30432.007608465996,14428.620444951745,29150.396552299837,25425.5919615889,23410.75867591208,20989.60434388915,19605.1513349935,13811.698089174595,13658.991174430226,13076.08083788009,13102.567574786419,12727.53986860231,12655.865240822752,12398.518826879224,12587.910027386784,12633.06668299332,12918.990532930282,12826.578347098426,12721.452420743637,12755.302673328695,12698.826618480074,12733.941660039216,12603.177317770407,12640.883688243379,12593.88596662461,12616.23101558041,12586.157773203127,12626.818200425918,12592.391983450456,12634.937668237228,12635.41315747769,12687.798432266754,12658.667307074316,12697.55126880945,12742.34944030923,12775.244707591244,12820.890476958839,12911.884116779429,12948.785598220093,13153.451582514563,13112.212948910854,13210.585900998492,13180.674930754492,13258.0018636199,13601.501064017655,13808.72429848243,13835.224155910086,13918.464083416371,14334.174959158288,14580.59064462856,14789.943673358983,15201.162907276648,17106.537951537463,17224.038777262533,17260.953103667347,30432.007608465996,32742.474198131353,32882.883219380295,34062.24371332773,34744.869607549495,35480.648460540535,36100.00786241207,36444.61903561601,36983.93317254282,38060.90854176309,38607.19798289071,39010.17001707241,23723.96989224758,24627.208110792224,25109.77294169965,25138.5847091633,9325.35584716734,9057.371728121927,10577.950839448078,10638.804476290858,11061.37074761063,11089.863122319925,11666.915903651996,11693.333009817665,12421.843266784725,13611.729098762893,14655.097913706086,14749.215496478462,14908.956406651041,17015.564173809744,17532.915194993828,17856.887404422552,19295.497052438426,19625.37625575078,
321.5949944754612,96.63534272597566,0.0,1696.8149006781396,2283.567105938486,3021.105251881614,5977.193713388236,6772.180299609532,8252.933648870783,19376.724620233694,27431.54420884429,35386.0228099352,35596.338329614606,36890.83606534358,37293.81275869717,38223.79700283461,42464.39777850841,39160.39424439768,39150.01618980741,42574.09216504927,42860.639050363614,60182.1629392985,65682.70625005949,67061.76023662268,71878.19078428423,86170.66756142124,104378.09468512535,30436.49912875198,14332.1800639833,29071.80812114423,25343.685683376738,23327.625598543855,20903.785724711004,19517.783201464437,13715.10414255939,13562.368861606488,12979.64009034919,13006.133343602734,12631.429091386235,12561.104267529816,12305.774804562301,12496.992528044895,12542.202003657509,12831.731864801892,12739.77489798027,12636.736622924314,12670.606390684032,12614.647356093572,12649.781595634106,12522.526821996968,12560.380941890544,12513.850428793348,12538.26229302141,12511.66793729942,12552.564201869873,12518.692999304974,12561.395538060577,12564.90776752355,12617.357730637608,12589.261541280714,12628.126006131966,12676.237418222241,12710.193513415135,12755.887944983124,12850.609190005141,12887.292622343157,13096.498979454907,13055.329710242822,13154.733484055485,13125.1800045359,13203.973021127991,13552.274257467981,13763.867911830162,13795.017568168912,13880.475181748225,14301.28267632531,14549.978059414421,14762.75105146785,15180.537150243403,17094.898084009277,17213.030039502595,17249.960704590652,30436.49912875198,32767.99299799194,32908.50857989109,34089.599209389686,34773.174421453485,35508.98813299124,36128.248559716245,36472.730001559416,37011.97095541966,38089.2059642726,38635.96875764313,39039.326603305584,23782.976502062735,24682.273208087714,25161.215253234106,25187.55530529391,9232.210268057506,8964.860768108201,10543.304695871824,10606.34175089717,11036.909664286131,11066.471852984516,11657.651627916264,11683.951308610978,12420.148077121457,13632.302795893436,14682.738876135107,14777.247637492994,14937.991103511758,17053.75980321125,17572.612900148393,17897.072986001334,19338.249760624098,19668.434914404257,
2011.6708598972975,1793.1103002751508,1696.8149006781396,0.0,589.6690248153143,1324.4759975335126,4283.016981870916,5080.574621595545,6574.1485896812865,17688.01814742278,27255.433599569238,33694.53757153265,33904.872150609976,35199.94542874483,35604.50248906219,36536.5544143241,40787.97483199236,37477.835816233855,37467.53415656624,40897.520306458915,41184.031180470185,58507.64718735026,63999.75709704971,65377.24002778991,70193.56559049792,84479.47579210965,102684.77794994036,30419.032042529947,12656.959517267418,27805.0594602462,24011.225132983487,21971.166518838894,19491.851180517286,18073.05056692764,12031.213028733826,11875.775923355568,11283.321377188067,11309.76903298899,10934.945373177374,10876.524756160188,10647.962875521407,10866.356211869039,10912.341450694608,11259.243700796766,11174.937095461835,11107.008684205071,11141.139340091482,11094.049219110699,11129.43394988271,11062.7192351882,11103.0260252542,11064.740682466809,11125.131426475064,11159.85007976343,11204.752133352667,11180.83664596644,11226.14047487837,11283.53738738311,11336.897197921902,11327.35386409124,11365.686599161294,11472.657083301212,11525.38948861059,11571.711357504184,11732.571143809115,11765.145246937813,12054.367653905098,12014.68747958319,12131.934433636901,12108.957415537205,12213.495270937507,12645.446378769484,12933.688954359508,13047.538397434231,13171.919775161909,13680.505553799756,13968.00797216886,14240.005473684745,14771.258887691656,16833.02425575779,16961.654575162825,16998.684879843728,30419.032042529947,33117.8581668709,33260.07301915198,34470.31038787894,35169.901121320945,35905.48625832648,36522.30335322963,36864.10972772311,37401.482260036835,38482.23914790602,39036.88293045502,39446.718007692936,24742.90956145238,25570.161694696653,25983.611193936606,25965.8726707221,7570.670916674165,7313.238080366251,9925.737175176382,10027.311248184153,10595.973793142048,10644.271916941047,11479.085816054163,11503.019359169355,12366.693777730894,13956.94817432276,15122.89759213769,15223.611765984675,15400.80089750915,17665.306743115518,18208.236781425287,18539.940684046625,20020.988429088928,20355.487129798068,
2596.1502356183764,2379.579126862087,2283.567105938486,589.6690248153143,0.0,739.4000799270385,3704.5487230478434,4504.988383412723,6009.492468022109,17112.762787398882,27151.088638645546,33116.444056654276,33326.792985245906,34622.35575398789,35028.22768727482,35961.88145544052,40220.59649434994,36906.50668731968,36896.25750559917,40330.04599028333,40616.52844625568,57941.190513155634,63427.87225030456,64804.27063906535,69620.49822568889,83901.37694742941,102104.71575182515,30367.070509575256,12092.304641776385,27425.569426755483,23606.23020701987,21557.144463873792,19055.33998627579,17622.927950886595,11460.406336982225,11302.843518376489,10699.862471744982,10726.202491074764,10348.042373388624,10286.914144400087,10062.46707506527,10287.385057444264,10333.561928565514,10696.798940416094,10614.884957583421,10558.064340854113,10592.25100099606,10548.05849065656,10583.493651150318,10536.856440722508,10577.939649690214,10542.483709633623,10615.04014319953,10670.892649424219,10717.110508295316,10696.710762915847,10742.840029225614,10819.02808999312,10872.59788012672,10869.615331356976,10907.678183346809,11035.234219848768,11094.50463692795,11140.937474266791,11324.906674725114,11355.933962140076,11672.870927980584,11633.830379725501,11757.108116027584,11736.537481099702,11849.950814313368,12310.428886822034,12625.057314862417,12767.911048612355,12905.707760079033,13443.783030033728,13744.115405596312,14036.17221820694,14605.755811148358,16713.778409459854,16845.776031880465,16882.75733532483,30367.070509575256,33192.050531606495,33334.77542469562,34554.5335030856,35259.36518726439,35994.49002266997,36610.14242735463,36950.84392475459,37487.305842733556,38568.80882230214,39125.98028141612,39537.918333816975,25038.289369584185,25839.29153439859,26229.204172441805,26195.895629496787,6984.892628143201,6729.937471841073,9706.038970079311,9820.94138061934,10435.92120544199,10490.638039734087,11407.264471610379,11430.245865875973,12334.500542543989,14049.674124834999,15251.873588982759,15354.448284946327,15536.829125068989,17847.581079484535,18397.84642130232,18731.477872452204,20224.03904702651,20559.560974498105,
3334.8132926309167,3117.3089480881936,3021.105251881614,1324.4759975335126,739.4000799270385,0.0,2965.9909202325593,3767.4783543482195,5278.187661228372,16374.658645455738,27161.284583508266,32377.451435044426,32587.80312580795,33883.4748746534,34289.69520385037,35223.860156159804,39485.78473293161,36169.807386003755,36159.581401953175,39595.183682442046,39881.64966537611,57206.7835518966,62690.86253097123,64066.82132156441,68883.00544808246,83162.35223973487,101365.38745605848,30441.57021560181,11359.740361381519,26870.37143238929,23024.415598858774,20966.335912492526,18441.431473970788,16995.234908976076,10724.392042477113,10565.819632929268,9960.593873836551,9986.953479947475,9610.470297978905,9560.643313034001,9356.299714272744,9599.905760187654,9646.553702692838,10046.981982768544,9970.146196409038,9935.756193981,9970.013494212455,9931.516540108332,9967.006751968587,9958.00648236443,10000.434705773465,9970.147607628956,10064.185568001341,10156.25563376322,10204.596453210514,10190.14524140664,10237.558655148285,10344.60025062568,10398.388654707887,10406.059538667947,10443.596169940785,10603.72146708868,10673.129194551411,10719.61797673799,10938.920810565207,10967.494129158262,11325.589116992345,11287.611579521543,11419.56065991954,11402.626302142515,11528.879577579728,12029.773067189542,12381.351728575923,12564.639374208076,12720.707489804812,13297.848063448482,13614.828857605611,13933.145505837647,14552.188477169502,16716.09045942599,16852.183055011734,16889.038278176813,30441.57021560181,33419.68093742568,33562.958195913576,34793.619153483814,35504.44149089878,36238.760324124065,36852.81635456158,37192.08775773215,37727.290165850456,38809.34970067186,39369.37247903789,39783.69949173943,25522.153638932505,26294.236788871753,26658.011333899038,26607.381996712942,6279.242119269069,6032.760841830485,9596.586148971019,9728.957120677516,10402.681926189005,10465.572377091854,11483.356361279224,11505.056378273332,12456.760698917567,14317.377520253633,15559.261088829458,15663.797596772094,15851.835642101982,18211.977352039165,18769.883766171995,19105.32241088711,20609.36827230766,20945.742010770533,
6294.053493758467,6073.756536154557,5977.193713388236,4283.016981870916,3704.5487230478434,2965.9909202325593,0.0,805.7844458715261,2349.021654682716,13408.761164109897,27559.563459248882,29412.09899666562,29622.443117191415,30917.87287537774,31323.735511837982,32257.982485801476,36525.400834590495,33205.576811618346,33195.390611513,36634.68075377589,36921.10412373813,54247.13156517522,59726.0530317926,61101.43511321147,65917.56649647203,80197.06202512646,98401.76388852674,31070.743204637613,8408.943847731698,24628.89560095384,20685.38491016803,18598.28080240925,15986.254225089631,14487.611538218567,7762.665917265532,7601.634147137525,7005.81208131511,7032.593916791671,6678.583427797562,6726.171898518282,6671.45116528299,7038.242060076251,7087.116300718859,7713.536341022112,7669.4877854326905,7769.805602775662,7803.418234137306,7799.467709189438,7834.145289591745,8040.139980062598,8088.481479158332,8088.0775217519395,8296.14926800259,8577.078178374748,8634.43281761712,8651.544294708148,8703.566219541894,8963.518057945124,9016.03330290164,9076.77071842863,9110.016349672993,9423.430495458746,9538.823445787442,9583.527501468936,9961.243725553453,9977.05258146616,10510.612535643822,10479.070914038739,10645.012139848319,10645.254257007027,10824.23334097891,11484.737613873984,11983.586373820452,12332.129319259802,12559.295067846027,13279.027292521147,13654.347897655172,14069.69068222774,14869.266003503511,17204.95835026976,17354.43617689657,17390.12717610682,31070.743204637613,34621.13000008447,34765.91731908045,36032.98439629623,36763.83693020683,37492.60025972495,38098.598331829424,38431.37024258708,38960.11521809437,40040.986805069166,40610.17078996982,41032.36579916963,27684.097766701783,28352.75869509201,28623.28174847328,28511.61245718685,3680.9502347752637,3522.9120221923163,9881.089191968253,10074.837962935031,10941.613967417648,11032.761629458693,12386.72681770908,12402.960373557284,13496.832466508715,15829.528766243016,17188.540185651837,17298.336847931212,17503.269119762816,20006.47131835476,20585.531691930315,20924.216396697826,22455.9657894008,22792.83267339834,
7090.060814186134,6868.799530146565,6772.180299609532,5080.574621595545,4504.988383412723,3767.4783543482195,805.7844458715261,0.0,1552.1328055939848,12607.944915806695,27811.946998882024,28614.219801358973,28824.546779035623,30119.44324015246,30524.02694406254,31456.955971557614,35720.75368404932,32402.468725437226,32392.25573765579,35830.06356535601,36116.49835101566,53442.342489918505,58923.39866367794,60299.39586473114,65115.59856227403,79399.08596276618,97605.97722551756,31376.432048659713,7603.160112530694,23985.497231296227,20020.226662022727,17928.000852026977,15296.178878823142,13785.634554496835,6958.165107486448,6798.406862782109,6221.980593547492,6249.125079253374,5913.267503731838,6020.7458782187305,6045.386635447094,6467.77256050014,6517.134035817676,7235.419470567926,7205.644276880302,7359.471405672811,7392.329904527442,7402.182286555728,7436.016094524404,7721.464472045347,7771.227401055066,7781.943467407708,8028.224030054885,8370.971038553454,8430.474580195958,8458.111894809608,8510.845133103185,8817.800944363298,8869.049496313286,8946.213142139282,8977.52817274989,9335.286345889734,9463.402123149497,9506.873598473385,9927.993974513767,9939.690336482958,10518.659968486081,10489.431597054987,10663.231775766868,10668.50444768718,10860.593426917992,11559.04253028442,12093.749187725947,12484.007771416684,12728.14422674533,13479.395845602392,13866.996022156398,14304.408108261188,15144.67208136578,17510.84518859402,17662.9787638297,17698.21705864935,31376.432048659713,35064.57666092163,35209.59211428833,36484.32712773483,37219.405600078826,37946.23031241635,38549.796566325385,38880.73353797341,39407.50844508157,40487.303360714184,41058.32119784327,41482.14547600418,28352.726375984646,28998.883738193617,29248.980494764954,29124.021853946266,3165.2399541175573,3068.5136114445168,10195.530480954529,10401.682494702225,11304.536663945906,11401.425358664781,12821.288949899748,12836.143190219438,13954.667292798034,16380.322597072187,17760.01960602258,17870.6212363934,18078.59208806064,20606.53251635969,21189.01854634348,21527.783089933473,23062.96859797022,23399.43454561303,
8573.178100813873,8349.47715108361,8252.933648870783,6574.1485896812865,6009.492468022109,5278.187661228372,2349.021654682716,1552.1328055939848,0.0,11133.459066684143,28609.113199804622,27148.05873432543,27358.26274449619,28650.384027785865,29048.605223782037,29974.4818271195,34213.933582077334,30907.514971096618,30897.126080363203,34323.50449802323,34610.02269705869,51933.50245393054,57429.84228874962,58809.4156281556,63625.883892675534,77928.90476322174,96144.91452878574,32258.539532597817,6083.093871043521,22614.729727178885,18619.09864079839,16521.19382010914,13862.166601933754,12335.63900040893,5464.342893426606,5317.328104047232,4855.917720586977,4884.477022191376,4633.11069166928,4959.456293323665,5231.2476496720265,5794.039878416869,5842.965637804087,6771.349114335868,6776.941736155073,7051.222056708952,7081.307262005368,7122.328970938469,7153.1786773344875,7604.955569218353,7656.285283238982,7690.3869954028205,8009.749569298295,8469.025071816726,8531.314974132505,8579.17373358819,8632.01678570509,9023.619496871474,9071.274002210735,9178.320168783723,9205.25668154581,9639.663913753378,9789.072277851816,9829.420472976446,10323.118307640125,10327.090846937901,10979.258087179554,10954.61666996418,11139.968566167388,11154.157597437434,11366.91643521231,12123.469122547811,12714.668079991525,13172.567725666428,13443.232900463678,14241.281783273584,14646.529025381793,15117.606062366169,16019.66878884722,18424.481702262296,18580.33896837119,18614.70579863546,32258.539532597817,36168.28707377937,36313.5540471841,37599.51877913346,38340.786223201445,39064.071925793934,39663.401804676694,39991.21946816789,40514.53967196652,41591.9835430145,42165.602230689416,42591.79004223121,29787.96872493968,30404.751609802137,30627.374468937964,30484.278552310956,2906.526670769214,2984.9196873671845,11169.94810340902,11392.921546332922,12342.45558422371,12447.242414790337,13956.083992492515,13968.831904357028,15118.25284730766,17669.234517863384,19074.870949901844,19186.391739219882,19398.198009153875,21956.531545414684,22543.039759568805,22881.56362185416,24419.981786188127,24755.61039032271,
19695.644754010053,19473.35749076655,19376.724620233694,17688.01814742278,17112.762787398882,16374.658645455738,13408.761164109897,12607.944915806695,11133.459066684143,0.0,32923.9171036966,16014.827113429397,16225.001547518965,17516.94416080564,17917.133739802302,18849.22280783134,23148.855937285665,19805.126221215385,19795.190897454635,23257.28212180291,23543.263944286817,40868.7043962262,46320.80048632659,47693.89146825999,52509.8144911156,66795.9900016757,85011.88221593748,36972.60180005661,5131.868423666897,17330.480537903786,13494.758102965707,11794.872517425523,9526.093350125917,8401.924186399305,5673.178577278707,5816.313943742897,6495.049642685231,6472.096222441178,6968.187910348434,7527.646647571125,8386.034703683134,8797.402867462419,8783.799352729631,9642.7600233962,9808.8905271256,10390.92945507912,10381.886896010452,10532.260324042682,10523.031191933347,11391.034052280795,11412.436485773691,11530.686140136746,11972.974826017104,12697.849971944139,12737.758188761922,12854.197757553402,12878.215226507615,13466.461557374967,13473.122728092074,13671.076398283314,13663.973953531173,14270.348250845605,14459.676741022979,14467.726069180057,15123.282784046327,15087.260602380844,15875.55582481313,15882.514705924621,16065.602205061701,16120.832440311513,16372.341119370794,17211.088270968557,17949.269855287446,18664.7864344036,19021.069267801406,19918.357005545662,20348.5677145634,20930.27748905062,22051.170981598418,24381.540473078843,24542.952555362892,24568.06060358996,36972.60180005661,42368.001755677375,42510.635626150084,43844.30763085389,44612.506767597406,45288.32746979971,45838.48972023033,46133.26038448742,46615.90681823902,47647.63269896818,48227.68218999757,48662.335441386655,38862.02477903312,39199.5018239707,39177.22446442758,38883.46076877076,10800.920713706873,11141.068889132937,18560.823904059947,18823.3500693699,19842.600568992464,19971.64696053572,21751.534234904608,21750.90080610363,22947.69755508621,26062.518640060145,27557.50096243817,27669.143694369657,27896.0313237098,30552.086409759955,31144.882353743793,31468.108524527233,32974.08995203867,33291.327140917994,
27404.90727271261,27436.402353929127,27431.54420884429,27255.433599569238,27151.088638645546,27161.284583508266,27559.563459248882,27811.946998882024,28609.113199804622,32923.9171036966,0.0,43511.05854763617,43678.03254612585,44787.27260501219,45339.012765446205,46354.55572502838,50950.5344622448,47634.384226657385,47633.549779312736,51030.44287042376,51269.69348505854,66765.29038814148,70964.5781865625,72051.11003880446,76516.37837787606,89005.03698280643,106020.95746406402,4100.907928567971,31142.57110312452,49629.321594445355,45561.2234330806,43544.97860352893,40838.111443612346,39300.67940659541,30433.136284698365,30208.927000039177,29003.423015676155,28999.55512623474,28395.535165443493,27240.92339652488,26121.821187063968,25386.453228926228,25369.785419716514,24148.450787043927,24010.632169832737,23418.81823476678,23411.046335471812,23276.37031019156,23268.263687755047,22411.786123614478,22371.184469181615,22271.602631872636,21809.304706630468,21103.33087413973,21045.68390965486,20948.25450770363,20905.49153691151,20342.95915735643,20313.012958902553,20140.31211225474,20129.41624476916,19550.14096214352,19363.94242400411,19336.222620191988,18713.450366035064,18728.383217922765,17958.423093110774,17971.282194059237,17772.932152604502,17740.516365230218,17497.07672194248,16662.909462837943,15996.39318578343,15466.587303233888,15178.898093001875,14367.866831204246,13964.034576957087,13508.933192457262,12695.968155245237,10445.295128204734,10309.329498208856,10272.44540189103,4100.907928567971,10870.267144355397,10986.724297375493,12225.650927158451,12949.457113585167,13478.635310383572,13905.214493280548,14128.993535700025,14520.935636877222,15430.055478027101,15985.445540058805,16407.03769291671,18056.444509757763,16999.583943571273,15978.613157673988,15239.43548715674,26050.688976349582,25832.25629904229,17705.16742242526,17531.311117975798,16770.06894142917,16701.47304574276,15792.93222561419,15767.806901001923,15025.195966263193,14725.133263691358,14461.096386581705,14428.138553656798,14411.87292810141,14279.760387952178,14270.72793247211,14205.757881589585,14143.165901436712,14104.34856570274,
35704.21771991118,35482.654336801184,35386.0228099352,33694.53757153265,33116.444056654276,32377.451435044426,29412.09899666562,28614.219801358973,27148.05873432543,16014.827113429397,43511.05854763617,0.0,210.38269997900895,1512.7651167508566,1979.809998769698,3000.835779665891,7647.693170088369,4200.547327469661,4196.6848009070545,7742.784550980057,8011.389018648595,25087.584850327716,30388.29193888286,31740.3793256692,36551.14918137162,50784.9661199566,68997.06475129562,47570.17621812602,21117.28031104909,20880.55319730855,19589.178198118032,19609.38964548014,19549.119693831326,19753.59973382387,21687.312973145214,21830.73453539614,22437.14320953408,22411.95059357883,22844.375390967638,23169.574928310147,23788.338351284016,23958.044710596478,23928.57724347419,24371.956815281388,24530.379413440354,24996.43624781004,24974.923018004443,25110.783026668596,25088.612764981768,25807.844716101536,25808.814286316898,25921.800472008206,26267.26074085216,26880.037413261023,26897.42777093165,27010.042076904934,27013.46820994919,27521.810573387535,27507.00804706532,27692.85689330332,27671.32629062216,28197.607518360546,28357.565467385524,28347.314963399574,28921.024384491197,28873.05253351766,29546.732725532365,29569.115555530152,29709.530469589095,29774.70078467559,29991.887222834746,30699.22597212246,31376.18599007767,32112.27820777959,32457.9195699206,33267.841778912225,33646.040607663876,34210.2318399957,35316.191691091146,37300.94261979597,37447.09842261548,37462.55987192474,47570.17621812602,54051.482711295204,54183.98588158573,55495.50627809757,56252.33876976527,56848.54625628173,57323.4195257659,57571.07701100979,57990.02662920942,58927.67100447405,59488.16859997746,59912.286422070596,53252.379390884395,53350.41981830324,53124.367062303165,52713.887166503046,26576.841414822768,26904.013184485593,33054.37832051195,33305.35070188053,34245.28883259359,34373.17428689997,36125.55133655148,36117.44294042649,37237.175508455,40475.74307256159,41943.443605200744,42049.13153680029,42273.93985140972,44867.09018545415,45437.85099215748,45735.75377432778,47153.37568558212,47443.527129252245,
35914.54001161821,35692.969983800496,35596.338329614606,33904.872150609976,33326.792985245906,32587.80312580795,29622.443117191415,28824.546779035623,27358.26274449619,16225.001547518965,43678.03254612585,210.38269997900895,0.0,1303.1520115091362,1776.8808966788285,2801.868578864523,7454.536857213842,4012.5762804713972,4009.0940880253197,7548.976039001146,7816.530871240351,24880.405801274763,30178.59574582836,31530.410943236686,36341.09413776567,50574.6248112644,68786.90536631228,47735.48033547743,21327.083212593425,20996.884920072815,19736.76532974208,19772.12192549119,19728.770948243437,19941.298986030833,21897.439963107347,22040.941153944266,22647.521708811604,22622.328095463843,23054.679070550654,23379.34377146288,23997.305682177383,24166.13006797195,24136.611055301466,24578.21002453866,24736.54353890128,25201.920654893103,25180.359338536422,25316.101860793347,25293.881044006972,26012.12643158921,26012.995842416247,26125.90992692394,26470.741868003766,27082.673022357056,27099.935891540044,27212.480540125543,27215.79454810976,27723.475298458656,27708.56007167445,27894.258042903297,27872.65604945914,28398.242911913432,28557.957612563398,28547.604783252656,29120.565452432933,29072.543688026686,29745.209754620642,29767.678241054535,29907.761481039648,29972.964027691814,30189.83359005427,30895.997151102478,31572.239311736932,32308.14331501741,32653.56328355495,33462.534022575994,33840.20508824011,34404.03740260728,35509.44977321156,37490.80169712578,37636.78138470965,37652.16114273919,47735.48033547743,54225.17270376755,54357.544381539694,55668.523631626114,56425.063152036026,57020.34933749535,57494.369049046094,57741.50244562545,58159.72163437556,59096.208557249825,59656.380935268426,60080.29640283866,53450.88477674578,53546.866857837005,53319.076147853615,52907.633432500894,26786.786454438046,27113.902656626084,33256.822688717504,33507.66122163147,34446.859550390705,34574.706835358746,36326.49762149236,36318.33955510744,37437.28781813376,40676.123169943756,42143.37366058035,42248.99924576892,42473.75527249392,45066.01500831301,45636.51639435225,45934.17316407107,47350.872207859655,47640.759415720175,
37209.22597661733,36987.47038321779,36890.83606534358,35199.94542874483,34622.35575398789,33883.4748746534,30917.87287537774,30119.44324015246,28650.384027785865,17516.94416080564,44787.27260501219,1512.7651167508566,1303.1520115091362,0.0,554.7431531267642,1573.0465240500844,6231.452078077435,2847.3448979846157,2846.7663599295774,6321.780373422991,6582.586974872041,23582.018118488162,28875.527839720253,30227.839318814364,35038.828709473644,49279.86475783655,67496.44461678067,48835.35676399528,22613.32781751432,21649.522835642274,20589.973125465876,20722.96128837863,20791.002790736977,21057.78996623752,23188.335300781553,23333.23703299935,23946.128590012966,23921.009703863,24355.23280651842,24682.335092162266,25300.120712466396,25467.407361037167,25437.774807956655,25874.49192049422,26032.542542354076,26495.692664701535,26473.970055607177,26609.311390572406,26586.918839923983,27301.663702460777,27302.168395867564,27414.815084695805,27757.29745483416,28365.958511108693,28382.722236281734,28494.98878134725,28497.861437103187,29002.88293328217,28987.514130268668,29172.592576845662,29150.701890011773,29673.414699303594,29832.111655538505,29821.33317982248,30391.112769746862,30342.88216315014,31011.16169738724,31033.998967766962,31172.636641256515,31237.97494739399,31453.450885844253,32154.388984625803,32827.3758291185,33562.3807722131,33906.77751069292,34711.36515019535,35086.588282323624,35648.72455229963,36751.51904199195,38716.671079489,38861.795092027416,38876.781824628735,48835.35676399528,55368.47425922599,55500.151133629595,56808.20944605416,57563.16289934238,58153.585105516024,58623.092135953666,58867.45242383437,59281.794193666545,60212.09987078002,60770.50957954134,61193.32204084357,54716.10505719799,54802.84652798098,54567.06686750388,54151.14267485979,28089.45339862516,28416.697214620744,34539.139014961176,34789.43802670225,35725.62450915168,35853.311993027215,37602.6327848169,37594.26857227284,38709.887339605026,41949.7574378294,43415.05518050218,43520.41132831564,43744.93736968724,46333.27483795156,46902.6256460999,47199.19289009322,48611.755124090094,48900.449827561526,
37612.6492532866,37390.446553686525,37293.81275869717,35604.50248906219,35028.22768727482,34289.69520385037,31323.735511837982,30524.02694406254,29048.605223782037,17917.133739802302,45339.012765446205,1979.809998769698,1776.8808966788285,554.7431531267642,0.0,1033.9072485536572,5697.569673908772,2295.4844621538605,2294.5458006895383,5789.568954456518,6053.39008451626,23114.406576112648,28439.735150807446,29798.553384835108,34611.77242413292,48881.047881282546,67107.38736551304,49387.84472789615,23000.848312682378,21601.85993106605,20646.34779590354,20834.836032939787,20973.03117730436,21277.696775942502,23584.80352865262,23732.689872154697,24362.015479074733,24337.144524776184,24778.198978363638,25121.24668780864,25751.26292735655,25927.967751436863,25898.814232185345,26349.168532967225,26507.79445627055,26975.092077108122,26953.647360535455,27089.663772598156,27067.55694256082,27787.55909816975,27788.56236048126,27901.56809907038,28247.045091120148,28859.45294016876,28876.75268628733,28989.313904772138,28992.649240536604,29500.329776816743,29485.39410389647,29671.055724417707,29649.433148697288,30174.708139112172,30334.268346592045,30323.844102245093,30896.165865359504,30848.095086910354,31519.58487214396,31542.164246061882,31681.80440517438,31747.050682632602,31963.469748321695,32667.72945872547,33342.63683151873,34078.16159109429,34423.13365085894,35230.07100655102,35606.536205965895,36169.51070218736,37273.56161679858,39245.46600679517,39390.907723188546,39406.03838645066,49387.84472789615,55916.653591546616,56048.42412803975,57356.872313687345,58112.03137230141,58703.04585546354,59173.067547963175,59417.727979928604,59832.47019700953,60763.369765093914,61321.94023997258,61744.85139277898,55225.18481054469,55317.807944256085,55086.39245325049,54672.6795778435,28524.230033100634,28852.73456443432,35033.6566454636,35284.51989376283,36223.69422595387,36351.53323451009,38103.116032920676,38094.9337634069,39213.3691676113,42452.400313604405,43919.29282495748,44024.86312240109,44249.57142512356,46840.87633567159,47411.051390927714,47708.38048117908,49123.69315335434,49413.14102321815,
38543.111173719706,38320.41736134798,38223.79700283461,36536.5544143241,35961.88145544052,35223.860156159804,32257.982485801476,31456.955971557614,29974.4818271195,18849.22280783134,46354.55572502838,3000.835779665891,2801.868578864523,1573.0465240500844,1033.9072485536572,0.0,4663.687560352293,1291.849172488338,1293.3889072654877,4755.676570845316,5019.835045382219,22122.657843492427,27481.796648715885,28848.00707004248,33663.126276685034,47965.44845013881,66202.97755901865,50400.613860319005,23915.97953617958,21851.90142768279,21079.363677131758,21359.044714549997,21607.354819019045,21968.626186060384,24510.167263453295,24661.442099224412,25309.053880960975,25284.46194336796,25732.83276363241,26092.50111635194,26734.522485868103,26920.05477117629,26891.342881806184,27353.558774290963,27512.647314895654,27983.279018276233,27962.057699824265,28098.59997506651,28076.720813829514,28800.722232183725,28802.09810660028,28915.36413913796,29263.007311480575,29878.00791470531,29895.671369977714,30008.426850139545,30012.073074419357,30521.47911674296,30506.821411493667,30692.846706245917,30671.393926994813,31198.22681728948,31358.295992354677,31348.080246026446,31921.83577270288,31873.854492931838,32547.031201914797,32569.478733243657,32709.621639648263,32774.82094103025,32991.699470732834,33697.469811742565,34373.164591623994,35108.88590300346,35454.07491155225,36261.83861244029,36638.69576410414,37201.91429256779,38306.3007328573,40279.3169253174,40424.77688290228,40439.91469225632,50400.613860319005,56940.46789070424,57072.080646592,58379.844744648326,59134.62487866397,59724.47363151926,60193.37842419228,60437.33636433096,60851.07420021897,61780.31856001631,62338.40064417214,62761.00233562228,56252.70620230035,56348.06812191463,56118.277027614015,55705.23243390313,29490.642726954244,29820.405963300687,36052.682575821964,36303.920910974215,37245.0417440068,37372.975144598815,39125.94599049602,39117.876202338164,40237.98027978219,43476.46680350087,44944.27366170063,45049.9657107454,45274.77552288715,47867.68948926282,48438.29267622334,48736.010946971735,50152.653472836144,50442.44535928486,
42785.17755960815,42560.824383437495,42464.39777850841,40787.97483199236,40220.59649434994,39485.78473293161,36525.400834590495,35720.75368404932,34213.933582077334,23148.855937285665,50950.5344622448,7647.693170088369,7454.536857213842,6231.452078077435,5697.569673908772,4663.687560352293,0.0,3459.913301125859,3465.716702571939,112.15394616380735,397.2513115834642,17722.306015891816,23258.255548711462,24660.874785711898,29472.142962160324,43919.305702634694,62192.413275852836,54985.17083810809,28132.263978501996,23485.546840183604,23474.387047159544,24108.939417531463,24780.4657471013,25353.771703355953,28762.738880474448,28926.262628393953,29640.925545149792,29617.448350472165,30092.401700101535,30514.32499770532,31201.00627842183,31420.004626086487,31393.01252724391,31900.255768150044,32061.002243161838,32544.167941063173,32523.824567652908,32662.314412815114,32641.33063989238,33380.46235269673,33383.290873164755,33497.51686316813,33853.47499123291,34478.43042834936,34497.52308394535,34611.006924473564,34615.88060660751,35131.967798596284,35118.41939136478,35305.84056371944,35285.06997371366,35817.99769868318,35980.07371881216,35970.69787709735,36550.12511942825,36502.51455736554,37182.45053399404,37204.3558711968,37346.53882549791,37411.53717575113,37630.27714350854,38342.2380875724,39021.18942353069,39757.696573161535,40103.78960049506,40915.07587025249,41293.63681736893,41857.92067278036,42963.79187548083,44942.32654952667,45087.917107517475,45103.10999975225,54985.17083810809,61567.286682474456,61698.280438615555,63003.307275052975,63756.56386531345,64341.82155972111,64806.31696622716,65047.49777435242,65457.250367069166,66379.88127476879,66935.97991801359,67357.31668769597,60886.49738597162,60993.95014504819,60771.511729602345,60361.577797814476,33888.37206883197,34222.52649634423,40653.15133487882,40905.85389481644,41854.717407512166,41983.01233097825,43741.38577764624,43733.78270359065,44860.65561343466,48096.455378965795,49567.95581107468,49674.15250557366,49899.3698464639,52498.921619452056,53071.3241910867,53370.70024006433,54793.03393145169,55084.316256983846,
39480.49994369803,39256.950028868516,39160.39424439768,37477.835816233855,36906.50668731968,36169.807386003755,33205.576811618346,32402.468725437226,30907.514971096618,19805.126221215385,47634.384226657385,4200.547327469661,4012.5762804713972,2847.3448979846157,2295.4844621538605,1291.849172488338,3459.913301125859,0.0,16.857600677603497,3558.791068976647,3834.169977158716,21083.157046765642,26522.33050856208,27904.35030917915,32720.810126820757,47086.993471509086,65342.654433934724,51682.70074016722,24834.252394453695,21815.460079063618,21284.730689709242,21687.148542284784,22089.013638518674,22531.426669996876,25446.62729887217,25604.074922966603,26286.12526798097,26262.100627047355,26724.64125153163,27118.39820058862,27786.35437910104,27992.249893994343,27964.605712165318,28456.319478124784,28616.569091745274,29096.037270811714,29075.440293625354,29213.392453659948,29192.155487564072,29927.393402248952,29929.87324414786,30043.880090856655,30398.00994068716,31021.09579359359,31039.948954275722,31153.31806687321,31157.99679128782,31673.16525945842,31659.484114494862,31846.752778424023,31825.909374576906,32358.330772887322,32520.29602974358,32510.882473585552,33090.21673165879,33042.61067585274,33722.897547918525,33744.75287199282,33887.14351555874,33952.11763978543,34171.095315105624,34884.31124857737,35564.28980242569,36301.07918655792,36647.53870958459,37460.62055530389,37840.312683389675,38405.41035672723,39512.60012760392,41501.37486744258,41647.58071363843,41663.060553623625,51682.70074016722,58210.41018914496,58342.275035335304,59651.092630676954,60406.43169885293,60997.90317533116,61468.23438052961,61713.032105306105,62127.90091152557,63058.84896326285,63617.39932203323,64040.29022227213,57426.69867504004,57536.00630102288,57316.640113235226,56908.91508391023,30504.30735927843,30836.55990111919,37196.02100643664,37448.47387948154,38396.164583030775,38524.41340664239,40282.174128483275,40274.523771825174,41400.889872559295,44636.878479876126,46108.16144864107,46214.33613469215,46439.5376714083,49039.03924106848,49611.50686458382,49910.97866493337,51333.94308876577,51625.48346288619,
